2.279889164304938163e+02
9.390226285639103025e+02
3.848092928946276743e+02
1.938616537598722687e+02
2.496835630885106809e+02
5.492938904317960578e+02
7.176762345053936087e+02
2.032743188057369252e+02
1.243099187221662874e+02
2.426620685375850144e+02
1.650118177253458498e+02
1.622968328387798920e+01
6.877791533771754473e+01
7.497082255428001929e+01
1.550665927455318922e+02
1.420375816556098059e+01
3.909633448556802904e+01
8.680221764020635646e+02
1.588820443808259881e+02
4.852734026694269431e+01
5.181701870322394825e+02
3.698603757722286218e+02
4.062967095585704413e+01
5.014023396671148589e+02
4.615355136948774657e+02
6.840066749630029790e+02
2.194746188173987491e+02
3.125773357376394301e+02
2.469108090218252869e+02
6.214624429438969173e+02
2.632177785641699757e+02
1.505892553217456111e+02
1.392996838803038031e+02
3.076211611035889177e+02
6.831647875338559572e+01
1.670473327392544860e+01
3.634445941480635724e+02
4.859016658312797858e+02
2.105483810152594515e+02
6.085596301987642391e+02
6.609029945264481967e+02
1.480877029356317678e+02
1.845029448720300138e+02
4.184070600511718681e+02
2.800913331637123065e+02
1.833665536194452272e+02
4.948020394469776306e+02
9.577533602359554266e+01
4.997439896646189368e+02
1.441561969451914251e+02
2.033160564080036750e+02
3.726248005485169301e+02
2.329702768384267131e+02
7.918776894937142288e+02
3.461741236684692922e+02
2.902491096647693780e+02
1.270823399931487501e+02
5.522581450893986812e+02
2.494270845989954069e+02
2.770690603079340804e+02
6.972933383149508018e+02
2.142414023789461908e+02
1.363935236768380150e+02
3.506900797061014146e+02
1.958323882771315141e+02
7.085453345457401610e+02
2.551481114312839225e+02
4.977625475693798194e+02
2.864056689892033205e+02
1.476384910612790691e+01
2.718498391764730968e+02
3.433884964953134045e+02
5.219979678067434179e+02
1.552625878614883561e+02
1.318074920428275902e+02
1.913690812916313178e+02
3.242846400300496725e+02
3.592607623048315304e+02
6.037047356789551031e+02
5.016051256047461493e+02
5.413927564299287951e+02
3.571720616558367283e+02
2.572423480487291272e+02
4.035498767308082506e+02
5.130553544554932159e+02
3.081897284260369219e+01
2.975529649804759629e+02
1.472249813225635684e+01
7.527135950146587220e+02
6.772592088951486744e+01
2.659400149030225293e+02
2.333384640934013134e+02
3.130608482830775188e+02
3.644477275223654260e+02
3.109960392434484788e+02
2.945728181968156605e+02
1.999261865945786951e+02
6.848093040510780156e+02
7.856032438771359239e+02
2.146517576756997130e+02
