9.100000000000000000e+01
0.000000000000000000e+00
3.300000000000000000e+01
1.350000000000000000e+02
7.000000000000000000e+01
0.000000000000000000e+00
0.000000000000000000e+00
1.370000000000000000e+02
1.300000000000000000e+02
9.100000000000000000e+01
1.270000000000000000e+02
1.300000000000000000e+02
1.670000000000000000e+02
1.070000000000000000e+02
8.400000000000000000e+01
1.980000000000000000e+02
1.190000000000000000e+02
0.000000000000000000e+00
1.080000000000000000e+02
1.720000000000000000e+02
0.000000000000000000e+00
3.300000000000000000e+01
1.180000000000000000e+02
0.000000000000000000e+00
9.200000000000000000e+01
0.000000000000000000e+00
1.050000000000000000e+02
7.200000000000000000e+01
1.040000000000000000e+02
0.000000000000000000e+00
9.200000000000000000e+01
1.010000000000000000e+02
1.060000000000000000e+02
8.300000000000000000e+01
1.470000000000000000e+02
1.190000000000000000e+02
0.000000000000000000e+00
3.100000000000000000e+01
8.600000000000000000e+01
0.000000000000000000e+00
0.000000000000000000e+00
1.570000000000000000e+02
1.110000000000000000e+02
0.000000000000000000e+00
8.800000000000000000e+01
1.020000000000000000e+02
0.000000000000000000e+00
1.060000000000000000e+02
5.300000000000000000e+01
1.660000000000000000e+02
1.120000000000000000e+02
1.300000000000000000e+01
6.600000000000000000e+01
0.000000000000000000e+00
0.000000000000000000e+00
8.800000000000000000e+01
1.070000000000000000e+02
1.000000000000000000e+01
1.030000000000000000e+02
8.600000000000000000e+01
3.000000000000000000e+00
8.500000000000000000e+01
1.140000000000000000e+02
6.100000000000000000e+01
1.360000000000000000e+02
0.000000000000000000e+00
1.350000000000000000e+02
1.100000000000000000e+01
5.900000000000000000e+01
2.180000000000000000e+02
8.600000000000000000e+01
5.600000000000000000e+01
2.600000000000000000e+01
1.880000000000000000e+02
1.080000000000000000e+02
1.990000000000000000e+02
8.500000000000000000e+01
3.500000000000000000e+01
0.000000000000000000e+00
4.900000000000000000e+01
2.000000000000000000e+00
5.600000000000000000e+01
1.240000000000000000e+02
2.800000000000000000e+01
0.000000000000000000e+00
1.850000000000000000e+02
1.290000000000000000e+02
1.320000000000000000e+02
0.000000000000000000e+00
1.110000000000000000e+02
5.800000000000000000e+01
6.900000000000000000e+01
9.100000000000000000e+01
5.400000000000000000e+01
8.400000000000000000e+01
5.900000000000000000e+01
1.000000000000000000e+02
0.000000000000000000e+00
0.000000000000000000e+00
9.600000000000000000e+01
