2.563989992890632266e+02
4.812813104367176607e+02
7.057832071006392880e+02
6.203417883956871037e+02
2.248093773647333080e+02
5.088931019893689722e+02
1.740342082721277848e+02
2.551176171753745621e+02
3.227809331844611052e+02
2.247158382073800169e+02
1.603524516731825145e+02
1.618570257196436302e+01
1.334193571529133919e+02
2.031418914969582659e+02
1.228592470536605106e+02
1.327483608708763541e+02
1.368239665578825282e+02
4.891392980828713348e+02
1.834646654508741790e+02
2.200144231716747072e+02
2.360461124673905431e+02
2.271818829869354772e+02
3.131209895367981630e+02
6.079742338331042220e+02
3.442308790226471160e+02
5.245504458197019630e+02
2.047822449502679376e+02
5.138951538550579698e+02
2.790412820265466394e+02
3.853760278209506964e+02
2.566101850908451070e+02
6.161829303552162855e+02
5.081908171280680619e+01
1.357728066667140467e+02
7.737842033688721699e+01
1.593408706428888166e+01
1.730054227826647093e+02
8.895765674347785534e+01
1.803050882573051297e+02
3.415564466445999869e+02
2.921908826485006898e+02
1.559505427322719981e+02
4.109233551238196469e+02
2.789682067436945090e+02
2.698837166295211318e+02
3.482214221507504703e+02
3.555837186743580105e+02
1.353941282854627275e+02
1.680436518207436905e+02
4.898896271920420986e+02
1.956860953622728232e+02
1.907494764969375183e+02
1.125875082323798324e+02
4.594171143032315285e+02
2.613661361863909178e+02
1.663329941238243919e+02
2.512156512722806383e+02
4.986615239573858958e+02
5.633975388249191383e+02
2.691088344911348145e+02
2.328864135289260844e+02
3.499003528055035872e+02
1.763343778474450119e+02
5.918315058487081615e+02
2.973706149683489457e+02
2.964774428352126279e+02
2.830327506647650466e+02
1.204542135827991416e+02
1.595486501337835819e+02
2.314602171436713149e+02
2.280860656313889478e+02
3.976970099224221826e+02
2.511408527673160620e+02
2.765349027021443931e+02
4.788108505183811303e+01
5.654277645766431704e+01
2.918187967191660732e+02
2.083255247109386801e+02
1.641095815740654302e+02
3.057941910874800442e+02
4.026086584623457725e+02
2.468353807663819737e+02
1.206433165144102730e+02
4.605236625819804175e+01
3.543152393793426995e+02
5.600908431161185490e+02
3.357296787767540422e+02
1.506115970306375473e+01
6.029367147176320714e+02
2.351216783316149019e+02
5.999702922471032025e+02
2.190708880828599661e+02
1.835718235725286434e+02
3.059063186580817728e+02
2.223365345283822307e+02
5.548831519065782913e+02
5.633528373814864381e+02
3.840396102299181962e+02
8.249432262702761420e+01
7.166965399686298497e+02
